0,337
69,8
69,7
2,86
2,85
2,84
2,83
2,82
2,81
2,79
2,78
2,77
2,76
2,75
2,74
2,73
2,71
2,70
2,66
2,65
2,35
2,34
2,33
2,32
2,31
2,30
2,28
2,27
2,26
2,25
2,24
2,23
2,22
2,21
2,20
2,19
2,17
2,16
2,15
2,14
2,13
2,12
2,11
2,10
2,9
2,8
2,7
2,6
2,5
2,4
2,3
1,7
1,6
1,5
1,4
1,3
0,555
0,495
0,491
0,488
0,486
0,483
0,482
0,480
0,479
0,478
0,474
0,473
0,470
0,466
0,465
0,464
0,462
0,461
0,459
0,458
0,454
0,453
0,451
0,450
0,448
0,447
0,444
0,423
0,418
0,396
0,370
0,347
0,324
0,243
0,9
0,0
0,1
0,494
0,487
0,484
0,476
0,471
0,467
0,463
0,460
0,455
0,452
0,449
0,446
0,399
0,374
0,468
0,469
0,472
0,457
0,543
0,300
0,558
0,299
0,315
0,298
0,441
0,297
0,557
0,296
0,563
0,295
0,506
0,294
0,437
0,293
0,571
0,292
0,435
0,291
0,542
0,290
0,433
0,289
0,556
0,288
0,431
0,287
0,541
0,286
0,334
0,285
0,513
0,284
0,540
0,283
0,527
0,282
0,307
0,281
0,525
0,280
0,548
0,279
0,567
0,278
0,420
0,277
0,575
0,276
0,509
0,275
0,539
0,274
0,415
0,273
0,538
0,272
0,271
0,570
0,270
0,411
0,269
0,554
2,87
2,88
2,90
2,91
2,95
2,100
2,102
2,105
2,107
2,110
2,112
2,117
2,120
2,122
2,125
2,126
2,129
2,130
2,132
2,134
2,135
2,137
2,138
2,140
2,142
2,143
2,145
2,146
4,3
7,3
8,3
10,3
11,3
14,3
14,4
17,3
19,3
22,3
27,3
28,3
29,3
31,3
37,3
42,3
43,3
43,8
43,11
47,3
49,5
50,3
52,3
53,3
53,5
59,3
61,3
65,3
65,8
65,11
68,3
69,3
69,5
69,6
70,4
70,6
71,4
72,4
72,5
73,4
74,3
75,3
77,3
80,3
84,3
85,3
91,3
92,3
98,3
101,3
103,3
107,3
108,3
111,3
113,3
115,3
117,4
117,7
119,3
119,11
120,5
121,6
122,3
124,8
128,2
128,4
128,6
129,3
130,5
130,7
132,3
133,3
133,7
139,4
140,3
145,3
158,3
164,3
164,6
164,16
167,3
167,6
218,3
219,3
221,3
221,6
222,3
223,3
223,4
224,3
224,5
224,6
224,8
224,9
224,11
224,12
224,14
225,4
225,5
227,3
228,3
228,7
228,16
229,3
232,3
233,3
236,3
237,3
237,6
237,17
238,3
240,3
245,3
254,3
254,7
257,5
258,0
258,1
258,3
258,6
258,8
259,0
259,1
259,5
260,0
260,3
260,6
261,1
261,4
261,6
262,2
262,5
263,0
263,3
263,4
264,1
264,2
264,5
265,2
265,3
265,6
265,8
265,11
265,14
265,16
266,1
266,3
266,6
266,7
267,3
267,6
268,0
268,3
268,5
269,0
269,3
269,5
269,8
269,10
269,13
269,16
269,18
269,21
269,22
270,0
270,1
270,4
271,0
271,2
271,5
271,7
272,2
272,5
273,0
273,3
273,5
273,7
273,8
273,10
273,12
273,14
273,17
273,19
273,22
273,25
274,0
274,3
274,4
275,1
275,2
275,5
276,1
276,2
276,4
276,5
277,0
277,3
277,5
278,0
278,1
278,5
278,6
278,8
278,11
278,12
278,16
278,17
278,19
278,22
278,24
278,27
278,28
279,3
279,6
280,0
280,3
280,5
280,8
281,0
281,3
281,6
281,7
281,9
281,11
281,14
281,17
281,19
282,0
282,2
282,5
283,0
283,3
284,1
284,2
284,5
285,1
285,4
285,7
285,9
285,12
285,14
285,17
285,18
286,3
286,5
286,6
286,8
286,9
286,11
287,1
287,2
287,4
287,5
287,7
287,10
288,0
288,3
288,5
289,0
289,1
289,4
290,0
290,1
290,4
290,5
290,8
291,2
291,3
291,6
291,8
292,0
292,2
292,5
292,8
292,10
292,13
292,15
292,18
292,21
292,22
292,25
293,0
293,3
293,4
294,0
294,3
294,4
294,7
294,9
294,12
294,15
294,17
294,20
294,22
295,2
295,5
296,1
296,4
296,5
296,9
296,10
296,13
296,17
296,18
297,1
297,3
298,0
298,3
298,5
299,2
299,4
300,0
300,1
300,4
301,2
301,3
301,6
302,1
302,4
302,7
302,9
302,12
303,0
303,3
303,4
304,1
304,3
304,4
304,7
304,9
304,12
305,1
305,2
305,6
305,7
306,2
306,4
307,1
307,4
307,6
307,9
307,11
308,0
308,3
308,5
308,8
309,0
309,3
309,7
310,0
310,3
310,5
310,8
311,0
311,3
312,0
312,2
312,5
313,0
313,4
314,1
314,2
314,6
315,0
315,3
315,5
315,8
315,11
315,13
316,2
316,4
317,2
317,5
318,0
318,4
318,5
318,8
319,1
319,4
320,1
320,3
321,0
321,1
321,3
321,5
322,0
322,2
322,3
322,5
322,7
322,8
323,1
323,2
323,4
323,5
324,1
324,3
324,4
324,6
324,7
324,9
325,1
325,2
325,4
325,5
325,7
325,8
325,10
326,1
326,2
326,4
326,5
326,7
326,9
326,10
327,1
327,2
327,4
327,5
328,0
328,2
328,3
328,5
328,6
328,8
328,10
328,11
328,13
328,14
328,16
328,17
328,19
328,21
328,22
328,24
328,25
328,27
329,0
329,1
329,3
329,4
329,6
329,8
329,9
330,0
330,1
330,3
330,4
330,6
330,8
330,9
330,11
330,12
330,14
330,16
330,17
330,19
330,20
331,1
331,2
331,4
331,6
331,7
331,9
331,10
331,12
332,1
332,2
332,4
332,5
332,7
332,8
333,0
333,2
333,3
333,5
333,6
333,8
334,1
334,2
334,4
334,5
334,7
334,9
334,10
334,12
335,0
335,2
335,3
335,5
336,0
336,1
336,3
336,4
336,6
336,8
336,9
336,11
336,12
336,14
336,15
336,17
336,19
336,20
336,22
336,23
336,25
336,27
336,28
336,30
337,0
337,2
337,3
337,5
337,7
337,8
337,10
337,11
338,1
338,3
338,4
339,0
339,1
339,3
339,4
339,6
340,1
340,2
340,4
340,5
340,7
340,9
340,10
340,12
340,13
341,1
341,3
341,4
341,6
341,7
341,9
341,10
341,12
342,1
342,2
342,4
342,5
342,7
342,9
343,0
343,2
343,3
343,5
343,6
343,8
343,10
344,0
344,2
344,3
344,5
344,7
344,8
344,10
345,0
345,2
345,3
345,5
345,7
345,8
345,10
345,11
345,13
345,15
345,16
345,18
345,19
345,21
345,23
345,24
345,26
345,27
345,29
345,30
345,32
345,34
346,0
346,2
346,3
346,5
347,1
347,2
347,4
347,5
348,1
348,2
348,4
349,1
349,2
349,4
349,5
349,7
349,9
349,10
349,12
349,13
349,15
349,16
349,18
349,20
350,0
350,2
350,3
351,0
351,2
351,3
352,0
352,1
352,3
353,0
353,1
353,3
353,4
354,1
354,2
354,4
355,1
355,2
355,4
356,0
356,2
356,4
357,0
357,2
357,3
358,0
358,1
358,3
359,0
359,1
359,3
359,4
359,6
360,1
360,2
360,4
360,5
361,0
361,1
361,3
361,5
361,6
362,1
362,2
362,4
362,6
362,7
362,9
362,10
363,1
363,2
363,4
363,6
364,0
364,2
364,3
364,5
365,0
365,1
365,3
365,4
365,6
366,0
366,1
366,3
366,4
366,6
366,7
366,9
366,11
366,12
366,14
366,15
366,17
366,19
366,20
366,22
366,23
366,25
367,0
367,2
367,4
367,5
368,0
368,1
368,3
368,5
368,6
369,1
369,2
369,4
369,5
370,0
370,2
370,3
370,5
370,6
371,1
371,3
371,4
371,6
371,7
371,9
372,1
372,2
372,4
372,5
372,7
372,8
373,0
373,2
373,3
373,5
373,6
374,0
374,2
374,3
374,5
374,6
375,0
375,1
375,3
375,5
375,6
375,8
376,0
376,2
376,4
376,5
377,1
377,2
377,4
377,5
377,7
377,9
377,10
378,0
378,1
378,3
378,5
378,6
378,8
378,9
378,11
378,12
379,0
379,2
379,3
379,5
379,6
380,1
380,3
380,4
381,0
381,1
381,3
381,5
381,6
381,8
381,9
381,11
382,0
382,2
382,4
382,5
382,7
382,8
382,10
382,12
382,13
383,1
383,2
383,4
383,5
384,0
384,2
384,3
384,5
384,6
384,8
384,10
385,0
385,2
385,3
385,5
385,6
385,8
385,10
385,11
386,1
386,2
386,4
386,6
386,7
387,1
387,2
387,4
387,6
387,7
388,0
388,1
388,3
388,4
388,6
388,8
388,9
388,11
388,12
388,14
388,16
388,17
389,0
389,1
389,3
389,4
390,0
390,2
390,3
390,5
390,6
391,0
391,2
391,3
391,5
391,6
391,8
391,9
391,11
391,13
391,14
391,16
392,0
392,2
392,4
392,5
393,1
393,2
393,4
393,5
393,7
394,0
394,1
394,3
394,4
394,6
394,8
395,0
395,2
395,3
395,5
395,7
395,8
395,10
395,11
395,13
395,14
395,16
396,0
396,1
396,3
396,4
396,6
397,1
397,2
397,4
397,5
397,7
398,0
398,2
398,4
398,5
398,7
399,0
399,2
399,4
399,5
399,7
399,8
399,10
400,0
400,2
400,4
400,5
400,7
400,8
400,10
400,12
400,13
401,1
401,2
401,4
401,6
401,7
402,0
402,1
402,3
402,4
402,6
402,8
402,9
402,11
402,12
402,14
403,1
403,2
403,4
403,5
404,1
404,2
404,4
404,6
404,7
404,9
404,10
404,12
404,14
404,15
404,17
405,0
405,2
405,3
405,5
405,7
405,8
406,0
406,1
406,3
406,5
406,6
407,1
407,2
407,4
407,6
407,7
408,1
408,2
408,4
408,5
408,7
409,1
409,2
409,4
409,5
410,0
410,2
410,3
410,5
410,6
411,1
411,2
411,4
411,6
411,7
412,0
412,1
412,3
412,5
412,6
413,1
413,2
413,4
413,5
413,7
413,9
413,10
413,12
413,13
414,1
414,3
414,4
414,6
414,7
414,9
414,10
414,12
414,14
414,15
414,17
414,18
414,20
414,22
415,0
415,2
415,3
415,5
416,1
416,2
416,4
416,5
416,7
417,0
417,2
417,4
418,0
418,2
418,3
418,5
419,1
419,2
419,4
420,0
420,2
420,3
420,5
420,7
420,8
421,0
421,1
421,3
421,5
421,6
422,1
422,2
422,4
422,5
422,7
423,1
423,2
423,4
423,5
423,7
423,9
423,10
423,12
423,13
423,15
423,17
423,18
423,20
423,21
423,23
424,0
424,2
424,4
424,5
424,7
424,8
424,10
424,12
424,13
425,1
425,2
425,4
425,5
425,7
426,1
426,2
426,4
426,5
427,0
427,2
427,3
427,5
427,6
428,0
428,1
428,3
428,5
428,6
428,8
428,9
429,0
429,2
429,3
429,5
429,6
429,8
429,9
430,0
430,2
430,3
430,5
430,6
430,8
430,10
431,0
431,2
431,3
431,5
432,0
432,1
432,3
432,4
432,6
432,7
433,0
433,2
433,3
433,5
433,6
434,1
434,3
434,4
434,6
434,7
435,0
435,1
435,3
435,5
436,0
436,2
436,3
436,5
437,0
437,1
437,3
437,4
437,6
438,0
438,2
438,4
438,5
438,7
438,8
438,10
438,12
438,13
438,15
438,16
438,18
438,20
438,21
439,1
439,2
439,4
439,5
439,7
439,9
439,10
439,12
440,0
440,2
440,4
440,5
69,0
2,106
2,103
2,108
69,1
440,6
440,3
440,1
439,11
439,8
439,6
439,3
439,0
438,19
438,17
438,14
438,11
438,9
438,6
438,3
438,1
437,5
437,2
436,6
436,4
436,1
435,4
435,2
434,8
434,5
434,2
434,0
433,4
433,1
432,8
432,5
432,2
431,6
431,4
431,1
430,9
430,7
430,4
430,1
429,10
429,7
429,4
429,1
428,10
428,7
428,4
428,2
427,7
427,4
427,1
426,6
426,3
426,0
425,6
425,3
425,0
424,11
424,9
424,6
424,3
424,1
423,22
423,19
423,16
423,14
423,11
423,8
423,6
423,3
423,0
422,6
422,3
422,0
421,4
421,2
420,9
420,6
420,4
420,1
419,3
419,0
418,4
418,1
417,3
417,1
416,6
416,3
416,0
415,4
415,1
414,21
414,19
414,16
414,13
414,11
414,8
414,5
414,2
414,0
413,11
413,8
413,6
413,3
413,0
412,4
412,2
411,8
411,5
411,3
411,0
410,4
410,1
409,6
409,3
409,0
408,6
408,3
408,0
407,5
407,3
407,0
406,4
406,2
405,9
405,6
405,4
405,1
404,16
404,13
404,11
404,8
404,5
404,3
404,0
403,3
403,0
402,13
402,10
402,7
402,5
402,2
401,8
401,5
401,3
401,0
400,11
400,9
400,6
400,3
400,1
399,9
399,6
399,3
399,1
398,6
398,3
398,1
397,6
397,3
397,0
396,5
396,2
395,17
395,15
395,12
395,9
395,6
395,4
395,1
394,7
394,5
394,2
393,8
393,6
393,3
393,0
392,3
392,1
391,15
391,12
391,10
391,7
391,4
391,1
390,7
390,4
390,1
389,5
389,2
388,18
388,15
388,13
388,10
388,7
388,5
388,2
387,8
387,5
387,3
387,0
386,5
386,3
386,0
385,9
385,7
385,4
385,1
384,9
384,7
384,4
384,1
383,6
383,3
383,0
382,11
382,9
382,6
382,3
382,1
381,10
381,7
381,4
381,2
380,5
380,2
380,0
379,4
379,1
378,13
378,10
378,7
378,4
378,2
377,11
377,8
377,6
377,3
377,0
376,3
376,1
375,7
375,4
375,2
374,7
374,4
374,1
373,7
373,4
373,1
372,9
372,6
372,3
372,0
371,8
371,5
371,2
371,0
370,4
370,1
369,6
369,3
369,0
368,4
368,2
367,6
367,3
367,1
366,24
366,21
366,18
366,16
366,13
366,10
366,8
366,5
366,2
365,7
365,5
365,2
364,6
364,4
364,1
363,5
363,3
363,0
362,8
362,5
362,3
362,0
361,4
361,2
360,6
360,3
360,0
359,5
359,2
358,4
358,2
357,4
357,1
356,3
356,1
355,3
355,0
354,3
354,0
353,2
352,4
352,2
351,4
351,1
350,4
350,1
349,19
349,17
349,14
349,11
349,8
349,6
349,3
349,0
348,3
348,0
347,3
347,0
346,4
346,1
345,33
345,31
345,28
345,25
345,22
345,20
345,17
345,14
345,12
345,9
345,6
345,4
345,1
344,9
344,6
344,4
344,1
343,9
343,7
343,4
343,1
342,8
342,6
342,3
342,0
341,11
341,8
341,5
341,2
341,0
340,11
340,8
340,6
340,3
340,0
339,5
339,2
338,5
338,2
338,0
337,9
337,6
337,4
337,1
336,29
336,26
336,24
336,21
336,18
336,16
336,13
336,10
336,7
336,5
336,2
335,6
335,4
335,1
334,11
334,8
334,6
334,3
334,0
333,7
333,4
333,1
332,9
332,6
332,3
332,0
331,11
331,8
331,5
331,3
331,0
330,18
330,15
330,13
330,10
330,7
330,5
330,2
329,10
329,7
329,5
329,2
328,28
328,26
328,23
328,20
328,18
328,15
328,12
328,9
328,7
328,4
328,1
327,6
327,3
327,0
326,8
326,6
326,3
326,0
325,9
325,6
325,3
325,0
324,8
324,5
324,2
324,0
323,3
323,0
322,6
322,4
322,1
321,4
321,2
320,4
320,0
319,3
318,7
318,2
317,3
317,0
316,0
315,10
315,6
315,2
314,4
313,5
313,2
312,3
311,4
311,1
310,7
310,2
309,5
309,2
308,6
308,1
307,12
307,7
307,3
307,0
306,1
305,4
304,13
304,10
304,5
304,2
303,6
303,1
302,10
302,6
302,3
301,5
301,0
300,3
299,5
299,0
298,2
297,4
297,0
296,15
296,12
296,7
296,2
295,3
295,0
294,19
294,14
294,11
294,6
294,1
293,6
293,1
292,24
292,19
292,16
292,11
292,7
292,3
291,10
291,5
291,0
290,6
290,3
289,6
289,3
288,6
288,1
287,9
287,6
287,3
286,12
286,10
286,7
286,4
286,1
285,15
285,11
285,6
285,3
284,4
283,5
283,2
282,3
281,20
281,16
281,12
281,8
281,5
281,1
280,7
280,2
279,4
279,1
278,25
278,20
278,18
278,14
278,9
278,7
278,3
277,6
277,1
276,6
276,3
275,7
275,4
274,6
274,1
273,24
273,20
273,16
273,11
273,9
273,6
273,1
272,4
272,0
271,4
270,6
270,3
269,24
269,19
269,14
269,11
269,7
269,2
268,7
268,2
267,4
267,1
266,4
265,17
265,13
265,9
265,5
265,0
264,4
263,6
263,1
262,4
262,0
261,3
260,5
260,2
259,3
258,9
258,4
2,127
257,6
254,5
252,3
239,3
237,10
237,5
234,3
231,3
228,10
228,5
226,3
225,3
224,13
224,10
224,7
224,4
224,1
222,4
221,4
220,3
170,3
166,3
164,5
158,14
142,3
139,3
133,6
131,3
130,3
128,5
128,3
124,3
121,3
120,3
118,3
117,3
114,3
110,3
105,3
99,3
96,3
87,3
82,3
78,3
74,4
73,3
72,3
71,3
70,3
69,4
69,2
65,10
63,3
58,3
53,4
51,3
49,3
43,18
43,6
37,5
31,7
28,5
25,3
18,3
16,3
12,3
8,7
7,7
2,147
2,144
2,141
2,139
2,136
2,133
2,131
2,128
